0.0000	-10.1485
12.3303	-8.1485
24.6607	-14.1485
36.9910	-32.9485
49.3213	-33.7485
61.6517	-32.9485
73.9820	-32.5485
86.3123	-35.3485
98.6427	-38.1485
110.9730	-40.1485
123.3033	-39.3485
135.6337	-41.3485
147.9640	-52.5485
160.2944	-44.1485
172.6247	-45.7485
184.9550	-46.5485
197.2854	-41.3485
209.6157	-36.1485
221.9460	-35.7485
234.2764	-40.1485
246.6067	-49.3485
258.9370	-38.5485
271.2674	-39.7485
283.5977	-36.9485
295.9280	-34.5485
308.2584	-33.7485
320.5887	-32.1485
332.9190	-33.7485
345.2494	-39.3485
357.5797	-40.1485
369.9100	-42.9485
382.2404	-45.3485
394.5707	-44.1485
406.9010	-49.3485
419.2314	-44.1485
431.5617	-45.3485
443.8921	-45.3485
456.2224	-48.5485
468.5527	-52.5485
480.8831	-45.3485
493.2134	-38.5485
505.5437	-35.3485
517.8741	-34.1485
530.2044	-35.3485
542.5347	-39.3485
554.8651	-41.3485
567.1954	-45.3485
579.5258	-52.5485
591.8561	-38.1485
604.1864	-38.1485
616.5167	-49.3485
628.8470	-40.9485
641.1774	-35.3485
653.5078	-34.5485
665.8381	-39.7485
678.1684	-48.5485
690.4987	-48.5485
702.8291	-45.3485
715.1594	-40.9485
727.4897	-39.3485
739.8201	-38.9485
752.1504	-38.5485
764.4808	-45.3485
776.8111	-42.9485
789.1414	-44.1485
801.4717	-34.1485
813.8021	-33.3485
826.1324	-38.5485
838.4628	-43.3485
850.7931	-52.5485
863.1234	-46.5485
875.4537	-54.9485
887.7841	-49.3485
900.1144	-45.3485
912.4448	-40.9485
924.7751	-38.5485
937.1054	-38.5485
949.4358	-44.1485
961.7661	-42.5485
974.0964	-38.1485
986.4268	-40.9485
998.7571	-42.5485
1011.0875	-41.3485
1023.4178	-36.1485
1035.7482	-35.3485
1048.0785	-41.3485
1060.4089	-26.5485
1072.7392	-4.5485
1085.0695	4.6515
1097.3998	5.8515
1109.7302	5.4515
1122.0605	1.0515
1134.3908	-20.1485
1146.7211	-36.5485
1159.0516	-41.3485
1171.3819	-38.1485
1183.7122	-39.3485
1196.0425	-37.3485
1208.3729	-37.7485
1220.7032	-37.3485
1233.0335	-41.3485
1245.3638	-39.7485
1257.6942	-35.7485
1270.0245	-40.5485
1282.3549	-36.5485
1294.6852	-33.7485
1307.0156	-32.5485
1319.3459	-33.3485
1331.6762	-35.3485
1344.0065	-34.9485
1356.3369	-36.1485
1368.6672	-38.9485
1380.9975	-38.5485
1393.3278	-36.9485
1405.6583	-41.3485
1417.9886	-40.9485
1430.3189	-41.3485
1442.6492	-45.3485
1454.9796	-41.3485
1467.3099	-42.9485
1479.6402	-41.3485
1491.9705	-42.5485
1504.3009	-44.1485
1516.6312	-40.1485
1528.9616	-42.9485
1541.2919	-42.9485
1553.6223	-39.7485
1565.9526	-35.7485
1578.2829	-35.7485
1590.6132	-45.3485
1602.9436	-54.9485
1615.2739	-41.3485
1627.6042	-45.7485
1639.9346	-40.9485
1652.2650	-35.3485
1664.5953	-34.9485
1676.9256	-40.1485
1689.2559	-54.9485
1701.5863	-39.3485
1713.9166	-32.5485
1726.2469	-32.5485
1738.5772	-35.3485
1750.9076	-40.1485
1763.2380	-54.9485
1775.5683	-45.3485
1787.8986	-36.5485
1800.2290	-32.9485
1812.5593	-31.7485
1824.8896	-30.9485
1837.2199	-34.1485
1849.5503	-37.3485
1861.8806	-38.1485
1874.2109	-38.1485
1886.5413	-37.3485
1898.8717	-39.3485
1911.2020	-39.3485
1923.5323	-36.9485
1935.8626	-36.9485
1948.1930	-38.9485
1960.5233	-41.3485
1972.8536	-39.3485
1985.1839	-38.5485
1997.5143	-37.7485
2009.8447	-36.1485
2022.1750	-36.1485
2034.5053	-34.9485
2046.8357	-37.7485
2059.1659	-41.3485
2071.4964	-39.7485
2083.8268	-48.5485
2096.1571	-39.7485
2108.4874	-36.1485
2120.8177	-40.9485
2133.1481	-40.1485
2145.4784	-42.9485
2157.8087	-41.3485
2170.1390	-48.5485
2182.4693	-44.1485
2194.7997	-41.3485
2207.1300	-38.9485
2219.4603	-38.1485
2231.7906	-39.7485
2244.1210	-38.1485
2256.4513	-36.9485
2268.7816	-41.3485
2281.1119	-39.3485
2293.4422	-34.9485
2305.7726	-33.3485
2318.1031	-34.5485
2330.4335	-38.1485
2342.7638	-49.3485
2355.0941	-46.5485
2367.4244	-42.5485
2379.7548	-41.3485
2392.0851	-41.3485
2404.4154	-44.1485
2416.7457	-48.5485
2429.0760	-54.9485
2441.4064	-52.5485
2453.7367	-42.9485
2466.0670	-49.3485
2478.3973	-54.9485
2490.7277	-44.1485
2503.0580	-48.5485
2515.3883	-45.3485
2527.7186	-40.9485
2540.0489	-37.3485
2552.3795	-36.1485
2564.7098	-35.7485
2577.0402	-37.7485
2589.3705	-38.5485
2601.7008	-39.3485
2614.0311	-38.9485
2626.3615	-39.3485
2638.6918	-41.3485
2651.0221	-45.3485
2663.3524	-45.3485
2675.6827	-45.3485
2688.0131	-40.9485
2700.3434	-39.3485
2712.6737	-38.9485
2725.0040	-42.9485
2737.3344	-45.3485
2749.6647	-40.1485
2761.9950	-39.3485
2774.3253	-39.3485
2786.6557	-39.3485
2798.9862	-38.1485
2811.3165	-36.5485
2823.6469	-38.1485
2835.9772	-41.3485
2848.3075	-42.5485
2860.6378	-38.9485
2872.9682	-35.3485
2885.2985	-34.1485
2897.6288	-36.5485
2909.9591	-42.5485
2922.2895	-52.5485
2934.6198	-45.3485
2946.9501	-45.7485
2959.2804	-38.1485
2971.6107	-36.1485
2983.9411	-36.1485
2996.2714	-40.5485
3008.6017	-43.3485
3020.9320	-45.3485
3033.2624	-41.3485
3045.5929	-41.3485
3057.9232	-42.5485
3070.2536	-44.1485
3082.5839	-42.9485
3094.9142	-46.5485
3107.2445	-42.5485
3119.5749	-41.3485
3131.9052	-42.5485
3144.2355	-42.5485
3156.5658	-52.5485
3168.8962	-49.3485
3181.2265	-46.5485
3193.5568	-48.5485
3205.8871	-39.7485
3218.2174	-38.5485
3230.5478	-38.1485
3242.8781	-38.9485
3255.2084	-39.7485
3267.5387	-39.3485
3279.8693	-37.7485
3292.1996	-37.7485
3304.5299	-39.3485
3316.8603	-46.5485
3329.1906	-48.5485
3341.5209	-45.7485
3353.8512	-42.5485
3366.1816	-41.3485
3378.5119	-38.5485
3390.8422	-36.9485
3403.1725	-36.5485
3415.5029	-35.7485
3427.8332	-35.3485
3440.1635	-40.1485
3452.4938	-45.3485
3464.8241	-44.1485
3477.1545	-48.5485
3489.4848	-48.5485
3501.8151	-42.9485
3514.1454	-43.3485
3526.4760	-41.3485
3538.8063	-39.7485
3551.1366	-44.1485
3563.4670	-54.9485
3575.7973	-40.9485
3588.1276	-36.5485
3600.4579	-37.3485
3612.7883	-41.3485
3625.1186	-46.5485
3637.4489	-49.3485
3649.7792	-49.3485
3662.1096	-49.3485
3674.4399	-45.7485
3686.7702	-39.3485
3699.1005	-35.7485
3711.4308	-34.9485
3723.7612	-36.9485
3736.0915	-40.1485
3748.4218	-52.5485
3760.7521	-40.9485
3773.0827	-39.3485
3785.4130	-38.5485
3797.7433	-42.9485
3810.0737	-46.5485
3822.4040	-52.5485
3834.7343	-52.5485
3847.0646	-52.5485
3859.3950	-42.9485
3871.7253	-41.3485
3884.0556	-42.9485
3896.3859	-44.1485
3908.7163	-42.5485
3921.0466	-44.1485
3933.3769	-42.9485
3945.7072	-48.5485
3958.0375	-54.9485
3970.3679	-54.9485
3982.6982	-49.3485
3995.0285	-46.5485
4007.3591	-39.7485
4019.6894	-37.3485
4032.0197	-36.5485
4044.3501	-36.5485
4056.6804	-40.5485
4069.0107	-42.9485
4081.3410	-41.3485
4093.6713	-39.3485
4106.0017	-36.9485
4118.3317	-38.5485
4130.6623	-39.7485
4142.9929	-43.3485
4155.3230	-41.3485
4167.6535	-38.5485
4179.9836	-39.3485
4192.3142	-40.1485
4204.6442	-39.7485
4216.9748	-39.7485
4229.3049	-38.5485
4241.6355	-38.5485
4253.9655	-39.7485
4266.2961	-41.3485
4278.6262	-44.1485
4290.9568	-45.3485
4303.2868	-49.3485
4315.6174	-52.5485
4327.9475	-45.3485
4340.2780	-41.3485
4352.6081	-42.9485
4364.9387	-45.3485
4377.2693	-37.7485
4389.5993	-34.9485
4401.9299	-34.9485
4414.2600	-39.7485
4426.5905	-48.5485
4438.9206	-54.9485
4451.2512	-52.5485
4463.5813	-54.9485
4475.9118	-48.5485
4488.2419	-44.1485
4500.5725	-42.5485
4512.9026	-42.9485
4525.2331	-42.5485
4537.5632	-41.3485
4549.8938	-40.1485
4562.2239	-41.3485
4574.5544	-40.9485
4586.8845	-39.3485
4599.2151	-41.3485
4611.5451	-42.9485
4623.8757	-48.5485
4636.2063	-52.5485
4648.5364	-48.5485
4660.8669	-44.1485
4673.1970	-42.9485
4685.5276	-44.1485
4697.8577	-45.3485
4710.1882	-45.3485
4722.5183	-48.5485
4734.8489	-45.3485
4747.1789	-48.5485
4759.5095	-54.9485
4771.8396	-54.9485
4784.1702	-42.9485
4796.5002	-40.9485
4808.8308	-41.3485
4821.1609	-45.3485
4833.4914	-49.3485
4845.8215	-44.1485
4858.1521	-41.3485
4870.4827	-43.3485
4882.8127	-45.7485
4895.1433	-46.5485
4907.4734	-42.5485
4919.8039	-39.7485
4932.1340	-38.5485
4944.4646	-38.5485
4956.7947	-38.5485
4969.1252	-39.7485
4981.4553	-41.3485
4993.7859	-45.3485
5006.1160	-54.9485
5018.4465	-54.9485
5030.7766	-49.3485
5043.1072	-48.5485
5055.4373	-48.5485
5067.7678	-49.3485
5080.0979	-49.3485
5092.4285	-54.9485
5104.7590	-54.9485
5117.0891	-54.9485
5129.4197	-54.9485
5141.7498	-52.5485
5154.0803	-52.5485
5166.4104	-54.9485
5178.7410	-54.9485
5191.0711	-54.9485
5203.4016	-52.5485
5215.7317	-49.3485
5228.0623	-54.9485
5240.3923	-45.3485
5252.7229	-42.9485
5265.0530	-42.5485
5277.3836	-42.9485
5289.7136	-45.3485
5302.0442	-52.5485
5314.3743	-45.7485
5326.7048	-44.1485
5339.0349	-42.9485
5351.3655	-45.3485
5363.6961	-54.9485
5376.0261	-54.9485
5388.3567	-48.5485
5400.6868	-45.3485
5413.0174	-48.5485
5425.3474	-54.9485
5437.6780	-54.9485
5450.0081	-54.9485
5462.3386	-49.3485
5474.6687	-49.3485
5486.9993	-54.9485
5499.3294	-52.5485
5511.6599	-48.5485
5523.9900	-52.5485
5536.3206	-45.3485
5548.6507	-49.3485
5560.9812	-49.3485
5573.3113	-54.9485
5585.6419	-54.9485
5597.9724	-54.9485
5610.3025	-52.5485
5622.6331	-52.5485
5634.9632	-54.9485
5647.2937	-48.5485
5659.6238	-46.5485
5671.9544	-49.3485
5684.2845	-48.5485
5696.6150	-45.3485
5708.9451	-43.3485
5721.2757	-39.7485
5733.6057	-41.3485
5745.9363	-44.1485
5758.2664	-44.1485
5770.5970	-45.3485
5782.9270	-54.9485
5795.2576	-54.9485
5807.5877	-54.9485
5819.9183	-45.3485
5832.2488	-45.3485
5844.5789	-48.5485
5856.9095	-49.3485
5869.2395	-54.9485
5881.5701	-48.5485
5893.9002	-52.5485
5906.2308	-48.5485
5918.5608	-54.9485
5930.8914	-54.9485
5943.2215	-54.9485
5955.5520	-49.3485
5967.8821	-49.3485
5980.2127	-49.3485
5992.5428	-48.5485
6004.8733	-48.5485
6017.2034	-44.1485
6029.5340	-45.3485
6041.8641	-42.9485
6054.1946	-45.3485
6066.5247	-49.3485
6078.8553	-54.9485
6091.1858	-54.9485
6103.5159	-54.9485
6115.8465	-52.5485
6128.1766	-49.3485
6140.5071	-48.5485
6152.8372	-49.3485
6165.1678	-52.5485
6177.4979	-45.3485
6189.8284	-45.7485
6202.1585	-49.3485
6214.4891	-45.3485
6226.8191	-45.3485
6239.1497	-45.3485
6251.4798	-49.3485
6263.8104	-54.9485
6276.1404	-48.5485
6288.4710	-44.1485
6300.8011	-48.5485
6313.1317	-52.5485
6325.4622	-54.9485
6337.7923	-52.5485
6350.1229	-54.9485
6362.4529	-52.5485
6374.7835	-54.9485
6387.1136	-54.9485
6399.4442	-52.5485
6411.7742	-52.5485
6424.1048	-54.9485
6436.4349	-54.9485
6448.7654	-52.5485
6461.0955	-54.9485
6473.4261	-45.3485
6485.7562	-44.1485
6498.0867	-44.1485
6510.4168	-46.5485
6522.7474	-54.9485
6535.0775	-48.5485
6547.4080	-52.5485
6559.7386	-52.5485
6572.0687	-49.3485
6584.3992	-48.5485
6596.7293	-48.5485
6609.0599	-48.5485
6621.3900	-54.9485
6633.7205	-54.9485
6646.0506	-54.9485
6658.3812	-52.5485
6670.7113	-49.3485
6683.0418	-52.5485
6695.3719	-54.9485
6707.7025	-52.5485
6720.0326	-48.5485
6732.3631	-45.3485
6744.6932	-48.5485
6757.0238	-48.5485
6769.3538	-54.9485
6781.6844	-48.5485
6794.0145	-45.7485
6806.3451	-48.5485
6818.6756	-52.5485
6831.0057	-48.5485
6843.3363	-48.5485
6855.6663	-52.5485
6867.9969	-52.5485
6880.3270	-52.5485
6892.6576	-54.9485
6904.9876	-52.5485
6917.3182	-52.5485
6929.6483	-48.5485
6941.9789	-48.5485
6954.3089	-52.5485
6966.6395	-54.9485
6978.9696	-54.9485
6991.3001	-54.9485
7003.6302	-52.5485
7015.9608	-46.5485
7028.2909	-44.1485
7040.6214	-42.9485
7052.9520	-44.1485
7065.2821	-45.7485
7077.6126	-49.3485
7089.9427	-49.3485
7102.2733	-48.5485
7114.6034	-54.9485
7126.9339	-54.9485
7139.2640	-52.5485
7151.5946	-52.5485
7163.9247	-54.9485
7176.2552	-54.9485
7188.5853	-54.9485
7200.9159	-54.9485
7213.2460	-48.5485
7225.5765	-49.3485
7237.9066	-45.7485
7250.2372	-49.3485
7262.5672	-48.5485
7274.8978	-52.5485
7287.2284	-54.9485
7299.5585	-52.5485
7311.8890	-52.5485
7324.2191	-54.9485
7336.5497	-54.9485
7348.8797	-54.9485
7361.2103	-54.9485
7373.5404	-52.5485
7385.8710	-48.5485
7398.2010	-52.5485
7410.5316	-54.9485
7422.8617	-54.9485
7435.1922	-48.5485
7447.5223	-52.5485
7459.8529	-48.5485
7472.1830	-45.7485
7484.5135	-48.5485
7496.8436	-52.5485
7509.1742	-54.9485
7521.5043	-49.3485
7533.8348	-45.3485
7546.1654	-46.5485
7558.4955	-54.9485
7570.8260	-54.9485
7583.1561	-54.9485
7595.4867	-54.9485
7607.8168	-54.9485
7620.1473	-54.9485
7632.4774	-54.9485
7644.8080	-54.9485
7657.1381	-48.5485
7669.4686	-45.3485
7681.7987	-45.3485
7694.1293	-48.5485
7706.4594	-49.3485
7718.7899	-49.3485
7731.1200	-52.5485
7743.4506	-48.5485
7755.7806	-52.5485
7768.1112	-54.9485
7780.4418	-54.9485
7792.7719	-54.9485
7805.1024	-54.9485
7817.4325	-54.9485
7829.7631	-54.9485
7842.0931	-54.9485
7854.4237	-52.5485
7866.7538	-52.5485
7879.0844	-52.5485
7891.4144	-52.5485
7903.7450	-54.9485
7916.0751	-54.9485
7928.4057	-54.9485
7940.7357	-54.9485
7953.0663	-49.3485
7965.3964	-45.7485
7977.7269	-44.1485
7990.0570	-44.1485
8002.3876	-41.3485
8014.7182	-42.5485
8027.0482	-44.1485
8039.3788	-44.1485
8051.7089	-49.3485
8064.0394	-45.3485
8076.3695	-49.3485
8088.7001	-54.9485
8101.0302	-54.9485
8113.3607	-54.9485
8125.6908	-54.9485
8138.0214	-49.3485
8150.3515	-54.9485
8162.6820	-54.9485
8175.0121	-48.5485
8187.3427	-48.5485
8199.6732	-48.5485
8212.0033	-48.5485
8224.3334	-52.5485
8236.6635	-54.9485
8248.9945	-52.5485
8261.3246	-54.9485
8273.6547	-52.5485
8285.9857	-48.5485
8298.3158	-52.5485
8310.6459	-54.9485
8322.9760	-54.9485
8335.3070	-54.9485
8347.6371	-54.9485
8359.9672	-54.9485
8372.2973	-54.9485
8384.6283	-48.5485
8396.9584	-48.5485
8409.2885	-45.7485
8421.6186	-49.3485
8433.9496	-48.5485
8446.2797	-49.3485
8458.6098	-52.5485
8470.9399	-46.5485
8483.2709	-52.5485
8495.6010	-52.5485
8507.9311	-52.5485
8520.2621	-52.5485
8532.5922	-54.9485
8544.9223	-52.5485
8557.2524	-49.3485
8569.5834	-54.9485
8581.9135	-54.9485
8594.2436	-48.5485
8606.5737	-54.9485
8618.9047	-54.9485
8631.2348	-52.5485
8643.5649	-48.5485
8655.8949	-49.3485
8668.2260	-52.5485
8680.5561	-52.5485
8692.8862	-54.9485
8705.2162	-54.9485
8717.5473	-54.9485
8729.8774	-54.9485
8742.2074	-54.9485
8754.5385	-54.9485
8766.8686	-54.9485
8779.1987	-54.9485
8791.5287	-49.3485
8803.8598	-48.5485
8816.1899	-54.9485
8828.5200	-54.9485
8840.8500	-52.5485
8853.1811	-54.9485
8865.5112	-54.9485
8877.8412	-52.5485
8890.1713	-52.5485
8902.5024	-54.9485
8914.8325	-54.9485
8927.1625	-54.9485
8939.4926	-52.5485
8951.8237	-52.5485
8964.1537	-54.9485
8976.4838	-54.9485
8988.8149	-54.9485
9001.1450	-52.5485
9013.4750	-54.9485
9025.8051	-49.3485
9038.1362	-48.5485
9050.4663	-49.3485
9062.7963	-49.3485
9075.1264	-45.3485
9087.4575	-52.5485
9099.7875	-54.9485
9112.1176	-54.9485
9124.4477	-54.9485
9136.7788	-52.5485
9149.1088	-54.9485
9161.4389	-52.5485
9173.7690	-48.5485
9186.1000	-54.9485
9198.4301	-54.9485
9210.7602	-54.9485
9223.0903	-54.9485
9235.4213	-54.9485
9247.7514	-54.9485
9260.0815	-54.9485
9272.4126	-52.5485
9284.7426	-54.9485
9297.0727	-54.9485
9309.4028	-54.9485
9321.7338	-54.9485
9334.0639	-54.9485
9346.3940	-54.9485
9358.7241	-54.9485
9371.0551	-54.9485
9383.3852	-52.5485
9395.7153	-52.5485
9408.0454	-48.5485
9420.3764	-48.5485
9432.7065	-52.5485
9445.0366	-54.9485
9457.3667	-54.9485
9469.6977	-52.5485
9482.0278	-48.5485
9494.3579	-52.5485
9506.6889	-52.5485
9519.0190	-52.5485
9531.3491	-54.9485
9543.6792	-52.5485
9556.0102	-49.3485
9568.3403	-49.3485
9580.6704	-54.9485
9593.0005	-54.9485
9605.3315	-48.5485
9617.6616	-48.5485
9629.9917	-46.5485
9642.3217	-49.3485
9654.6528	-49.3485
9666.9829	-54.9485
9679.3130	-54.9485
9691.6430	-54.9485
9703.9741	-54.9485
9716.3042	-54.9485
9728.6343	-52.5485
9740.9653	-54.9485
9753.2954	-54.9485
9765.6255	-48.5485
9777.9555	-54.9485
9790.2866	-54.9485
9802.6167	-54.9485
9814.9468	-54.9485
9827.2768	-54.9485
9839.6079	-52.5485
9851.9380	-54.9485
9864.2680	-52.5485
9876.5981	-52.5485
9888.9292	-52.5485
9901.2593	-54.9485
9913.5893	-54.9485
9925.9194	-54.9485
9938.2505	-54.9485
9950.5806	-54.9485
9962.9106	-54.9485
9975.2417	-54.9485
9987.5718	-54.9485
9999.9018	-54.9485
10012.2319	-54.9485
10024.5630	-54.9485
10036.8931	-54.9485
10049.2231	-54.9485
10061.5532	-52.5485
10073.8843	-49.3485
10086.2143	-52.5485
10098.5444	-52.5485
10110.8745	-54.9485
10123.2056	-54.9485
10135.5356	-54.9485
10147.8657	-54.9485
10160.1958	-54.9485
10172.5269	-54.9485
10184.8569	-54.9485
10197.1870	-54.9485
10209.5181	-54.9485
10221.8481	-54.9485
10234.1782	-54.9485
10246.5083	-54.9485
10258.8394	-52.5485
10271.1694	-52.5485
10283.4995	-48.5485
10295.8296	-52.5485
10308.1606	-48.5485
10320.4907	-49.3485
10332.8208	-54.9485
10345.1509	-54.9485
10357.4819	-54.9485
10369.8120	-54.9485
10382.1421	-49.3485
10394.4722	-52.5485
10406.8032	-46.5485
10419.1333	-48.5485
10431.4634	-52.5485
10443.7944	-48.5485
10456.1245	-49.3485
10468.4546	-49.3485
10480.7847	-54.9485
10493.1157	-54.9485
10505.4458	-52.5485
10517.7759	-54.9485
10530.1060	-54.9485
10542.4370	-54.9485
10554.7671	-54.9485
10567.0972	-54.9485
10579.4273	-52.5485
10591.7583	-48.5485
10604.0884	-45.7485
10616.4185	-45.7485
10628.7486	-45.7485
10641.0796	-49.3485
10653.4097	-52.5485
10665.7398	-54.9485
10678.0698	-54.9485
10690.4009	-52.5485
10702.7310	-54.9485
10715.0611	-54.9485
10727.3921	-54.9485
10739.7222	-54.9485
10752.0523	-54.9485
10764.3823	-54.9485
10776.7134	-54.9485
10789.0435	-52.5485
10801.3736	-52.5485
10813.7036	-52.5485
10826.0347	-52.5485
10838.3648	-52.5485
10850.6949	-54.9485
10863.0249	-54.9485
10875.3560	-54.9485
10887.6861	-54.9485
10900.0161	-54.9485
10912.3462	-54.9485
10924.6773	-54.9485
10937.0074	-54.9485
10949.3374	-54.9485
10961.6685	-54.9485
10973.9986	-54.9485
10986.3286	-54.9485
10998.6587	-54.9485
11010.9898	-54.9485
11023.3199	-49.3485
11035.6499	-54.9485
11047.9800	-54.9485
11060.3111	-52.5485
11072.6412	-52.5485
11084.9712	-52.5485
11097.3013	-54.9485
11109.6324	-54.9485
11121.9624	-52.5485
11134.2925	-52.5485
11146.6226	-48.5485
11158.9537	-48.5485
11171.2837	-48.5485
11183.6138	-49.3485
11195.9449	-54.9485
11208.2749	-54.9485
11220.6050	-54.9485
11232.9351	-52.5485
11245.2662	-52.5485
11257.5962	-54.9485
11269.9263	-54.9485
11282.2564	-54.9485
11294.5875	-54.9485
11306.9175	-54.9485
11319.2476	-54.9485
11331.5777	-52.5485
11343.9087	-52.5485
11356.2388	-54.9485
11368.5689	-54.9485
11380.8990	-54.9485
11393.2300	-54.9485
11405.5601	-54.9485
11417.8902	-54.9485
11430.2212	-54.9485
11442.5513	-54.9485
11454.8814	-54.9485
11467.2115	-52.5485
11479.5425	-54.9485
11491.8726	-54.9485
11504.2027	-54.9485
11516.5328	-52.5485
11528.8638	-48.5485
11541.1939	-48.5485
11553.5240	-48.5485
11565.8541	-48.5485
11578.1851	-48.5485
11590.5152	-48.5485
11602.8453	-48.5485
11615.1754	-54.9485
11627.5064	-54.9485
11639.8365	-54.9485
11652.1666	-54.9485
11664.4976	-54.9485
11676.8277	-54.9485
11689.1578	-54.9485
11701.4879	-52.5485
11713.8189	-54.9485
11726.1490	-49.3485
11738.4791	-54.9485
11750.8092	-52.5485
11763.1402	-54.9485
11775.4703	-52.5485
11787.8004	-54.9485
11800.1304	-54.9485
11812.4615	-52.5485
11824.7916	-52.5485
11837.1217	-52.5485
11849.4517	-54.9485
11861.7828	-54.9485
11874.1129	-54.9485
11886.4429	-48.5485
11898.7740	-54.9485
11911.1041	-54.9485
11923.4342	-54.9485
11935.7642	-54.9485
11948.0953	-54.9485
11960.4254	-54.9485
11972.7555	-54.9485
11985.0855	-54.9485
11997.4166	-54.9485
12009.7467	-54.9485
12022.0767	-54.9485
12034.4068	-54.9485
12046.7379	-54.9485
12059.0680	-54.9485
12071.3980	-54.9485
12083.7281	-52.5485
12096.0592	-52.5485
12108.3892	-48.5485
12120.7193	-54.9485
12133.0494	-48.5485
12145.3805	-52.5485
12157.7105	-54.9485
12170.0406	-54.9485
12182.3717	-52.5485
12194.7018	-45.3485
12207.0318	-48.5485
12219.3619	-48.5485
12231.6930	-52.5485
12244.0230	-54.9485
12256.3531	-54.9485
12268.6832	-54.9485
12281.0143	-54.9485
12293.3443	-54.9485
12305.6744	-54.9485
12318.0045	-54.9485
12330.3355	-52.5485
12342.6656	-52.5485
12354.9957	-54.9485
12367.3258	-54.9485
12379.6568	-54.9485
12391.9869	-54.9485
12404.3170	-54.9485
12416.6481	-54.9485
12428.9781	-54.9485
12441.3082	-54.9485
12453.6383	-54.9485
12465.9693	-48.5485
12478.2994	-52.5485
12490.6295	-52.5485
12502.9596	-54.9485
12515.2906	-54.9485
12527.6207	-52.5485
12539.9508	-52.5485
12552.2809	-52.5485
12564.6119	-54.9485
12576.9420	-54.9485
12589.2721	-54.9485
12601.6022	-49.3485
12613.9332	-45.7485
